ID: 5320
Title: Select IN performance issue.
Description:
Please answer these questions before submitting your issue. Thanks!

1. What did you do?
If possible, provide a recipe for reproducing the error.
`SELECT id, k, c, pad FROM sbtest1 WHERE id IN (1234567,1357246,2461357,246810);
`

2. What did you expect to see?
get result about 0.01 seconds.
when I use = to select, the result is:
`SELECT id, k, c, pad FROM sbtest1 WHERE id = 1234567 or id = 1357246 or id = 2461357 or id = 246810;
+---------+------------+-------------------------------------------------------------------------------------------------------------------------+-------------------------------------------------------------+
| id      | k          | c                                                                                                                       | pad                                                         |
+---------+------------+-------------------------------------------------------------------------------------------------------------------------+-------------------------------------------------------------+
|  246810 | 1763028286 | 16547434518-65744061859-01753153042-08376049263-49612882667-77069390412-47942912744-74771449881-07797775103-58630923210 | 35977762123-77467647944-03930195890-38375677176-57180379040 |
| 1234567 | 1751547439 | 83643384050-30798284028-71576440800-38827790477-16315980364-43240375569-94017803222-96974496232-52667251043-80103401727 | 28433108010-48988153122-16343665324-63977247164-76459182903 |
| 1357246 | 1742158886 | 80570081282-26646947908-74135208782-51446953516-66362398897-46951601330-87229939268-64337756732-57368179118-60885706585 | 06654212476-96786538285-94997829885-09177787209-83142690180 |
| 2461357 | 1748141896 | 93259555265-11687572790-51729238667-16672045631-24454055497-60619591803-98317689418-07233372444-31864855401-38671263561 | 15586389705-02983482093-75126478453-82529224995-40696742883 |
+---------+------------+-------------------------------------------------------------------------------------------------------------------------+-------------------------------------------------------------+
4 rows in set (0.01 sec)
`

3. What did you see instead?
about 1 minutes.
`SELECT id, k, c, pad FROM sbtest1 WHERE id IN (1234567,1357246,2461357,246810);
+---------+------------+-------------------------------------------------------------------------------------------------------------------------+-------------------------------------------------------------+
| id      | k          | c                                                                                                                       | pad                                                         |
+---------+------------+-------------------------------------------------------------------------------------------------------------------------+-------------------------------------------------------------+
|  246810 | 1763028286 | 16547434518-65744061859-01753153042-08376049263-49612882667-77069390412-47942912744-74771449881-07797775103-58630923210 | 35977762123-77467647944-03930195890-38375677176-57180379040 |
| 2461357 | 1748141896 | 93259555265-11687572790-51729238667-16672045631-24454055497-60619591803-98317689418-07233372444-31864855401-38671263561 | 15586389705-02983482093-75126478453-82529224995-40696742883 |
| 1234567 | 1751547439 | 83643384050-30798284028-71576440800-38827790477-16315980364-43240375569-94017803222-96974496232-52667251043-80103401727 | 28433108010-48988153122-16343665324-63977247164-76459182903 |
| 1357246 | 1742158886 | 80570081282-26646947908-74135208782-51446953516-66362398897-46951601330-87229939268-64337756732-57368179118-60885706585 | 06654212476-96786538285-94997829885-09177787209-83142690180 |
+---------+------------+-------------------------------------------------------------------------------------------------------------------------+-------------------------------------------------------------+
4 rows in set (59.23 sec)
`

4. What version of TiDB are you using (`tidb-server -V`)?
./tidb-server -V
Release Version: v1.0.2-11-gedcb9e9
Git Commit Hash: edcb9e9961d6396daa6bb4a728beedee0542ee28
Git Commit Branch: release-1.0
UTC Build Time:  2017-11-21 02:44:26

